[gd_scene load_steps=13 format=3 uid="uid://605s5ccg26ad"]

[ext_resource type="Script" path="res://Scenes/Player1.gd" id="1_7o5je"]
[ext_resource type="PackedScene" uid="uid://cf5g1nwepleab" path="res://Scenes/Card.tscn" id="1_jm0h7"]
[ext_resource type="PackedScene" uid="uid://2nipdbi06qvk" path="res://Scenes/hand.tscn" id="1_qxk7g"]
[ext_resource type="Script" path="res://Scenes/UILayer.gd" id="2_h4tph"]
[ext_resource type="Resource" uid="uid://b3mp40l58dwg6" path="res://Resources/3Diamond.tres" id="2_km3i7"]
[ext_resource type="Script" path="res://Scenes/CardDeck.gd" id="2_r2n7w"]
[ext_resource type="Script" path="res://Scenes/FlyingCamera.gd" id="3_y8i24"]
[ext_resource type="PackedScene" uid="uid://b7uyvy15x48ro" path="res://Art/3D/PokerTable2.gltf" id="5_nt7af"]

[sub_resource type="CameraAttributesPractical" id="CameraAttributesPractical_1wqt2"]

[sub_resource type="ProceduralSkyMaterial" id="ProceduralSkyMaterial_id7bs"]
sky_top_color = Color(0.32549, 0.47451, 0.541176, 1)
sky_horizon_color = Color(0.701961, 0.65098, 0.533333, 1)
sky_curve = 0.121838
sky_energy_multiplier = 1.5

[sub_resource type="Sky" id="Sky_b2j5m"]
sky_material = SubResource("ProceduralSkyMaterial_id7bs")

[sub_resource type="Environment" id="Environment_xd82s"]
background_mode = 2
background_energy_multiplier = 1.7
sky = SubResource("Sky_b2j5m")

[node name="GameLogic" type="Node3D"]

[node name="Player1" type="Camera3D" parent="."]
transform = Transform3D(1, 0, 0, 0, 0.75993, 0.650005, 0, -0.650005, 0.75993, 0.294604, 0.203366, 2.19638)
attributes = SubResource("CameraAttributesPractical_1wqt2")
current = true
fov = 90.0
size = 15.132
near = 0.001
script = ExtResource("1_7o5je")

[node name="Hand" parent="Player1" instance=ExtResource("1_qxk7g")]
transform = Transform3D(1, 0, 0, 0, 1, 0, 0, 0, 1, 0.113294, -0.550022, -1.11402)

[node name="UILayer" type="CanvasLayer" parent="Player1"]
script = ExtResource("2_h4tph")

[node name="Container" type="Control" parent="Player1/UILayer"]
layout_mode = 3
anchors_preset = 0
offset_right = 40.0
offset_bottom = 40.0

[node name="Label" type="Label" parent="Player1/UILayer/Container"]
layout_mode = 0
offset_left = 199.0
offset_top = 20.0
offset_right = 270.0
offset_bottom = 43.0
text = "DOGSHIT"

[node name="Button" type="Button" parent="Player1/UILayer/Container"]
layout_mode = 0
offset_left = 183.0
offset_top = 87.0
offset_right = 255.0
offset_bottom = 118.0
text = "GetCard"

[node name="Board" type="Node3D" parent="Player1"]
transform = Transform3D(1, 0, 0, 0, 0.764292, -0.644871, 0, 0.644871, 0.764292, -0.365636, 1.61435, -2.19807)

[node name="Card" parent="Player1/Board" instance=ExtResource("1_jm0h7")]
transform = Transform3D(1, 0, 0, 0, -4.37114e-08, 1, 0, -1, -4.37114e-08, 0, -1.17962, 1.44125)

[node name="Card2" parent="Player1/Board" instance=ExtResource("1_jm0h7")]
transform = Transform3D(1, 0, 0, 0, -4.37114e-08, 1, 0, -1, -4.37114e-08, 0.43342, -1.17962, 1.44125)

[node name="Card3" parent="Player1/Board" instance=ExtResource("1_jm0h7")]
transform = Transform3D(1, 0, 0, 0, -4.37114e-08, 1, 0, -1, -4.37114e-08, 0.855727, -1.17962, 1.44125)

[node name="Card4" parent="Player1/Board" instance=ExtResource("1_jm0h7")]
transform = Transform3D(1, 0, 0, 0, -4.37114e-08, 1, 0, -1, -4.37114e-08, 1.33178, -1.17962, 1.44125)

[node name="Player2" type="Camera3D" parent="."]
transform = Transform3D(0.716765, -0.37477, 0.588044, 0, 0.843298, 0.537447, -0.697315, -0.385223, 0.604446, 2.37528, 0.189121, 1.35586)
attributes = SubResource("CameraAttributesPractical_1wqt2")
current = true
fov = 90.0
size = 15.132
near = 0.001

[node name="Hand" parent="Player2" instance=ExtResource("1_qxk7g")]
transform = Transform3D(1, 0, 0, 0, 1, 0, 0, 0, 1, 0.113294, -0.550022, -1.11402)

[node name="Player3" type="Camera3D" parent="."]
transform = Transform3D(-4.37114e-08, -0.5373, 0.843391, 0, 0.843391, 0.5373, -1, 2.34861e-08, -3.68658e-08, 3.04232, 0.151558, -0.675682)
attributes = SubResource("CameraAttributesPractical_1wqt2")
fov = 90.0
size = 15.132
near = 0.001

[node name="Hand" parent="Player3" instance=ExtResource("1_qxk7g")]
transform = Transform3D(1, 0, 0, 0, 1, 0, 0, 0, 1, 0.113294, -0.550022, -1.11402)

[node name="Player4" type="Camera3D" parent="."]
transform = Transform3D(-0.753713, -0.353212, 0.554219, 7.40634e-10, 0.843298, 0.537447, -0.657204, 0.40508, -0.635604, 2.25659, 0.344158, -2.94963)
attributes = SubResource("CameraAttributesPractical_1wqt2")
fov = 90.0
size = 15.132
near = 0.001

[node name="Player5" type="Camera3D" parent="."]
transform = Transform3D(-0.99799, 0.0340555, -0.0534359, -2.17218e-08, 0.843298, 0.537447, 0.0633654, 0.536367, -0.841603, 0.506167, 0.302863, -3.58166)
attributes = SubResource("CameraAttributesPractical_1wqt2")
fov = 90.0
size = 15.132
near = 0.001

[node name="Player6" type="Camera3D" parent="."]
transform = Transform3D(-0.68517, 0.391467, -0.614244, -4.3253e-08, 0.843298, 0.537447, 0.728383, 0.368243, -0.577802, -1.43124, 0.368707, -2.63101)
attributes = SubResource("CameraAttributesPractical_1wqt2")
fov = 90.0
size = 15.132
near = 0.001

[node name="Player7" type="Camera3D" parent="."]
transform = Transform3D(-0.0167192, 0.537372, -0.84318, -4.08247e-08, 0.843298, 0.537447, 0.99986, 0.00898572, -0.0140993, -1.89582, 0.368707, -0.828126)
attributes = SubResource("CameraAttributesPractical_1wqt2")
fov = 90.0
size = 15.132
near = 0.001

[node name="Player8" type="Camera3D" parent="."]
transform = Transform3D(0.491269, 0.46812, -0.734519, -4.13229e-08, 0.843298, 0.537447, 0.871008, -0.264031, 0.414286, -1.67322, 0.368707, 1.15163)
attributes = SubResource("CameraAttributesPractical_1wqt2")
fov = 90.0
size = 15.132
near = 0.001

[node name="FlyingCamera" type="Camera3D" parent="."]
transform = Transform3D(0.491269, 0.46812, -0.734519, -4.13229e-08, 0.843298, 0.537447, 0.871008, -0.264031, 0.414286, -1.67322, 0.368707, 1.15163)
attributes = SubResource("CameraAttributesPractical_1wqt2")
fov = 90.0
size = 15.132
near = 0.001
script = ExtResource("3_y8i24")

[node name="Card2" parent="." instance=ExtResource("1_jm0h7")]
transform = Transform3D(-0.461006, 0, -0.193581, 0, 0.5, 0, 0.193581, 0, -0.461006, 0.432348, -0.851489, 1.06489)
data = ExtResource("2_km3i7")
CardValue = 7
CardSuit = 3

[node name="OmniLight3D" type="OmniLight3D" parent="."]
transform = Transform3D(1, 0, 0, 0, 1, 0, 0, 0, 1, 0, 1, 0)

[node name="CardDeck" type="Node3D" parent="." groups=["CardDeck"]]
transform = Transform3D(1, 0, 0, 0, 1, 0, 0, 0, 1, 0.401405, -1.10221, -0.937042)
script = ExtResource("2_r2n7w")

[node name="Card2" parent="CardDeck" instance=ExtResource("1_jm0h7")]
transform = Transform3D(-1.74846e-08, 0.4, 1.74846e-08, 0, -1.74846e-08, 0.4, 0.4, 1.74846e-08, 7.64274e-16, 0, -0.08, 0)
data = ExtResource("2_km3i7")
CardValue = 7
CardSuit = 3

[node name="PokerTable" parent="." instance=ExtResource("5_nt7af")]
transform = Transform3D(-0.299996, 0.00163883, 0, -0.00163883, -0.299996, 0, 0, 0, 0.3, 1.64276, -2.72067, 1.7888)

[node name="WorldEnvironment" type="WorldEnvironment" parent="."]
environment = SubResource("Environment_xd82s")

[node name="Card" parent="." instance=ExtResource("1_jm0h7")]
transform = Transform3D(1, 0, 0, 0, -4.37114e-08, 1, 0, -1, -4.37114e-08, 0, -0.828573, 0.043358)

[connection signal="pressed" from="Player1/UILayer/Container/Button" to="Player1/Hand" method="_on_button_pressed"]
